 20   33   22   21   00   33   30   01   02   20   22   02   32   20   11   33   03   30   03   32   03   00   22   01   33   23
1000 1111 1010 1001 0000 1111 1100 0001 0010 1000 1010 0010 1110 1000 0101 1111 0011 1100 0011 1110 0011 0000 1010 0001 1111 1011

 23   10   03   22   13   13   20   01   11   03   22   20   20   20   22   33   20   13   23   13   33   22
1011 0100 0011 1010 0111 0111 1000 0001 0101 0011 1010 1010 1000 1000 1010 1111 1000 0111 1011 0111 1111 1010

 30   33   01   20   21   10   12   11   00   32   23   13   22   02   00   10   31   02   33   20   31   03   12
1100 1111 0001 1000 1001 0100 0110 0101 0000 1110 1011 0111 1010 0010 0000 0100 1101 0010 1111 1000 1101 0011 0110

 01   11   33   32   23   02   01   00   32   10   10   30   01   10   23   31   10   02   00   30   23   31   10
0001 0101 1111 1110 1011 0010 0001 0000 1110 0100 0100 1100 0001 0100 1011 1101 0100 0010 0000 1100 1011 1101 0100

 03   03   01   02   33   02   23   21   30   12   03   12   22   00   03   13   31   00   10   11   21   03   23   02
0011 0011 0001 0010 1111 0010 1011 1001 1100 0110 0011 0110 1010 0000 0011 0111 1101 0000 0100 1111 1001 0011 1011 0010

 20   13   02   32   30   31   23   33   20   02   12   33   30   00   30   12   30   13   03   22   03   03
1000 0111 0010 1110 1100 1101 1011 1111 1000 0010 0110 1111 1100 0000 1100 0110 1100 0111 0011 1010 0011 0011

 23   22   02   30   20   03   22   23   32   23   02   02   31   20   23   13   30   02
1011 1010 0010 1100 1000 0011 1010 1011 1110 1011 0010 0010 1101 1000 1011 0111 1100 0010
